dsa=[
3.14159265E+000, 2.29074311E+000, -6.26520216E-001
3.17069905E+000, 2.28570676E+000, -6.29792035E-001
3.20007512E+000, 2.28067255E+000, -6.33048892E-001
3.22972334E+000, 2.27564049E+000, -6.36290729E-001
3.25964626E+000, 2.27061105E+000, -6.39517605E-001
3.28984641E+000, 2.26558399E+000, -6.42729521E-001
3.32032635E+000, 2.26055908E+000, -6.45926595E-001
3.35108869E+000, 2.25553679E+000, -6.49108827E-001
3.38213604E+000, 2.25051689E+000, -6.52276158E-001
3.41347104E+000, 2.24549937E+000, -6.55428708E-001
3.44509635E+000, 2.24048448E+000, -6.58566475E-001
3.47701467E+000, 2.23547196E+000, -6.61689520E-001
3.50922870E+000, 2.23046207E+000, -6.64797783E-001
3.54174119E+000, 2.22545457E+000, -6.67891443E-001
3.57455491E+000, 2.22044992E+000, -6.70970380E-001
3.60767264E+000, 2.21544766E+000, -6.74034715E-001
3.64109720E+000, 2.21044827E+000, -6.77084446E-001
3.67483143E+000, 2.20545125E+000, -6.80119574E-001
3.70887821E+000, 2.20045710E+000, -6.83140218E-001
3.74324042E+000, 2.19546556E+000, -6.86146319E-001
3.77792100E+000, 2.19047666E+000, -6.89137936E-001
3.81292289E+000, 2.18549061E+000, -6.92115068E-001
3.84824906E+000, 2.18050742E+000, -6.95077837E-001
3.88390253E+000, 2.17552686E+000, -6.98026180E-001
3.91988632E+000, 2.17054915E+000, -7.00960159E-001
3.95620349E+000, 2.16557431E+000, -7.03879833E-001
3.99285714E+000, 2.16060233E+000, -7.06785142E-001
4.02985038E+000, 2.15563297E+000, -7.09676206E-001
4.06718636E+000, 2.15066695E+000, -7.12553024E-001
4.10486825E+000, 2.14511085E+000, -7.15428770E-001
4.14289925E+000, 2.13877106E+000, -7.18303680E-001
4.18128261E+000, 2.13243961E+000, -7.21158922E-001
4.22002158E+000, 2.12611651E+000, -7.23994374E-001
4.25911947E+000, 2.11980176E+000, -7.26810277E-001
4.29857959E+000, 2.11349535E+000, -7.29606569E-001
4.33840530E+000, 2.10719728E+000, -7.32383311E-001
4.37859999E+000, 2.10090780E+000, -7.35140622E-001
4.41916708E+000, 2.09462667E+000, -7.37878561E-001
4.46011002E+000, 2.08835387E+000, -7.40597188E-001
4.50143229E+000, 2.08208966E+000, -7.43296504E-001
4.54313740E+000, 2.07583380E+000, -7.45976686E-001
4.58522891E+000, 2.06958652E+000, -7.48637676E-001
4.62771039E+000, 2.06334782E+000, -7.51279593E-001
4.67058545E+000, 2.05711770E+000, -7.53902435E-001
4.71385774E+000, 2.05089617E+000, -7.56506383E-001
4.75753094E+000, 2.04468298E+000, -7.59091437E-001
4.80160877E+000, 2.03847861E+000, -7.61657596E-001
4.84609498E+000, 2.03228283E+000, -7.64205039E-001
4.89099334E+000, 2.02609587E+000, -7.66733706E-001
4.93630768E+000, 2.01991749E+000, -7.69243717E-001
4.98204185E+000, 2.01374769E+000, -7.71735191E-001
5.02819974E+000, 2.00758672E+000, -7.74208069E-001
5.07478528E+000, 2.00143433E+000, -7.76662469E-001
5.12180243E+000, 1.99529076E+000, -7.79098511E-001
5.16925518E+000, 1.98915601E+000, -7.81516135E-001
5.21714757E+000, 1.98303008E+000, -7.83915460E-001
5.26548369E+000, 1.97691286E+000, -7.86296606E-001
5.31426762E+000, 1.97080445E+000, -7.88659513E-001
5.36350354E+000, 1.96368122E+000, -7.89813101E-001
5.41319562E+000, 1.95640707E+000, -7.90752709E-001
5.46334808E+000, 1.94915318E+000, -7.91677177E-001
5.51396521E+000, 1.94191968E+000, -7.92586505E-001
5.56505129E+000, 1.93470657E+000, -7.93480873E-001
5.61661068E+000, 1.92751360E+000, -7.94360280E-001
5.66864776E+000, 1.92034101E+000, -7.95224845E-001
5.72116695E+000, 1.91318858E+000, -7.96074688E-001
5.77417273E+000, 1.90605640E+000, -7.96909809E-001
5.82766960E+000, 1.89894438E+000, -7.97730327E-001
5.88166211E+000, 1.89185238E+000, -7.98536301E-001
5.93615485E+000, 1.88478053E+000, -7.99327850E-001
5.99115246E+000, 1.87772858E+000, -8.00105035E-001
6.04665961E+000, 1.87069678E+000, -8.00867856E-001
6.10268103E+000, 1.86368489E+000, -8.01616490E-001
6.15922148E+000, 1.85669291E+000, -8.02350998E-001
6.21628577E+000, 1.84972084E+000, -8.03071439E-001
6.27387875E+000, 1.84276867E+000, -8.03777874E-001
6.33200532E+000, 1.83583629E+000, -8.04470420E-001
6.39067043E+000, 1.82892358E+000, -8.05149078E-001
6.44987905E+000, 1.82203078E+000, -8.05814028E-001
6.50963624E+000, 1.81515765E+000, -8.06465268E-001
6.56994707E+000, 1.80830407E+000, -8.07102859E-001
6.63081667E+000, 1.80147028E+000, -8.07726979E-001
6.69225022E+000, 1.79465604E+000, -8.08337569E-001
6.75425295E+000, 1.78786135E+000, -8.08934808E-001
6.81683011E+000, 1.78108621E+000, -8.09518695E-001
6.87998705E+000, 1.77433050E+000, -8.10089350E-001
6.94372913E+000, 1.76761937E+000, -8.10275614E-001
7.00806177E+000, 1.76099229E+000, -8.09526026E-001
7.07299044E+000, 1.75438750E+000, -8.08771849E-001
7.13852066E+000, 1.74780512E+000, -8.08013022E-001
7.20465801E+000, 1.74124503E+000, -8.07249665E-001
7.27140812E+000, 1.73470712E+000, -8.06481719E-001
7.33877665E+000, 1.72819126E+000, -8.05709302E-001
7.40676935E+000, 1.72169757E+000, -8.04932475E-001
7.47539199E+000, 1.71522582E+000, -8.04151177E-001
7.54465040E+000, 1.70877600E+000, -8.03365529E-001
7.61455049E+000, 1.70234799E+000, -8.02575529E-001
7.68509819E+000, 1.69594181E+000, -8.01781237E-001
7.75629950E+000, 1.68955743E+000, -8.00982714E-001
7.82816049E+000, 1.68319464E+000, -8.00179899E-001
7.90068725E+000, 1.67685342E+000, -7.99372971E-001
7.97388597E+000, 1.67053378E+000, -7.98561811E-001
8.04776286E+000, 1.66423559E+000, -7.97746539E-001
8.12232420E+000, 1.65795875E+000, -7.96927214E-001
8.19757635E+000, 1.65170324E+000, -7.96103895E-001
8.27352570E+000, 1.64546907E+000, -7.95276463E-001
8.35017871E+000, 1.63925600E+000, -7.94445157E-001
8.42754190E+000, 1.63306415E+000, -7.93609858E-001
8.50562185E+000, 1.62689340E+000, -7.92770624E-001
8.58442519E+000, 1.62074351E+000, -7.91927576E-001
8.66395864E+000, 1.61461473E+000, -7.91080713E-001
8.74422895E+000, 1.60850680E+000, -7.90230036E-001
8.82524296E+000, 1.60241961E+000, -7.89375544E-001
8.90700755E+000, 1.59635317E+000, -7.88517356E-001
8.98952967E+000, 1.59030747E+000, -7.87655532E-001
9.07281635E+000, 1.58505106E+000, -7.85955727E-001
9.15687467E+000, 1.58011806E+000, -7.83926010E-001
9.24171178E+000, 1.57520044E+000, -7.81901419E-001
9.32733489E+000, 1.57029796E+000, -7.79881835E-001
9.41375129E+000, 1.56541073E+000, -7.77867317E-001
9.50096832E+000, 1.56053853E+000, -7.75857806E-001
9.58899341E+000, 1.55568147E+000, -7.73853362E-001
9.67783403E+000, 1.55083942E+000, -7.71853864E-001
9.76749775E+000, 1.54601240E+000, -7.69859374E-001
9.85799220E+000, 1.54120028E+000, -7.67869890E-001
9.94932506E+000, 1.53640306E+000, -7.65885353E-001
1.00415041E+001, 1.53162062E+000, -7.63905823E-001
1.01345372E+001, 1.52685308E+000, -7.61931181E-001
1.02284322E+001, 1.52210021E+000, -7.59961486E-001
1.03231971E+001, 1.51736212E+000, -7.57996678E-001
1.04188400E+001, 1.51263869E+000, -7.56036818E-001
1.05153691E+001, 1.50792980E+000, -7.54081905E-001
1.06127924E+001, 1.50323558E+000, -7.52131820E-001
1.07111184E+001, 1.49855578E+000, -7.50186622E-001
1.08103553E+001, 1.49389052E+000, -7.48246253E-001
1.09105117E+001, 1.48923981E+000, -7.46310771E-001
1.10115960E+001, 1.48460340E+000, -7.44380116E-001
1.11136168E+001, 1.47998130E+000, -7.42454350E-001
1.12165829E+001, 1.47537351E+000, -7.40533352E-001
1.13205029E+001, 1.47078001E+000, -7.38617122E-001
1.14253857E+001, 1.46620083E+000, -7.36705720E-001
1.15312402E+001, 1.46163571E+000, -7.34799147E-001
1.16380755E+001, 1.45708477E+000, -7.32897282E-001
1.17459006E+001, 1.45245254E+000, -7.30955064E-001
1.18547246E+001, 1.44726443E+000, -7.28747547E-001
1.19645569E+001, 1.44209480E+000, -7.26546586E-001
1.20754068E+001, 1.43694353E+000, -7.24352062E-001
1.21872837E+001, 1.43181062E+000, -7.22163975E-001
1.23001971E+001, 1.42669594E+000, -7.19982326E-001
1.24141566E+001, 1.42159951E+000, -7.17807114E-001
1.25291719E+001, 1.41652107E+000, -7.15638280E-001
1.26452529E+001, 1.41146076E+000, -7.13475883E-001
1.27624093E+001, 1.40641844E+000, -7.11319804E-001
